source_node,destination_node,weight 
1,83,1.22196
1,84,1.22784
1,122,1.32957
1,141,1.24185
1,159,1.30591
1,203,1.40136
1,257,1.30193
1,263,1.27119
1,311,1.38367
1,322,1.34351
1,334,1.19713
1,393,1.30817
1,418,1.38238
1,471,1.33109
1,478,1.41309
2,75,1.20658
2,112,1.28669
2,134,1.27355
2,135,1.23281
2,149,1.32353
2,171,1.27235
2,234,1.24935
2,248,1.39807
2,273,1.33276
2,286,1.33917
2,292,1.30486
2,325,1.37537
2,367,1.33147
2,476,1.39188
2,493,1.38121
3,10,1.17119
3,25,1.26349
3,28,1.25207
3,47,1.24388
3,88,1.21623
3,184,1.43736
3,237,1.28588
3,246,1.27336
3,282,1.32653
3,317,1.30956
3,398,1.40285
3,407,1.33678
3,409,1.3862
3,435,1.365
3,464,1.37813
4,105,1.19451
4,173,1.29057
4,234,1.23249
4,260,1.2394
4,267,1.31966
4,300,1.28984
4,345,1.33579
4,366,1.30745
4,394,1.36223
4,420,1.57803
4,430,1.38773
4,454,1.06122
4,456,1.40378
4,487,1.36663
4,497,1.30223
5,70,1.21152
5,92,1.19324
5,117,1.12776
5,125,1.28205
5,149,1.2925
5,227,1.60872
5,309,1.35026
5,311,1.33577
5,329,1.31722
5,332,1.33257
5,406,1.22975
5,409,1.3384
5,423,1.32428
5,430,1.37356
5,454,1.37945
6,31,1.21355
6,70,1.38964
6,120,1.31185
6,234,1.32822
6,246,1.23056
6,255,1.3047
6,364,1.30539
6,371,1.30735
6,435,1.3222
6,453,1.35078
6,455,1.32757
6,468,1.33247
6,476,1.24711
6,491,1.37038
6,493,1.35517
7,26,1.21727
7,61,1.18801
7,111,1.30721
7,154,1.22299
7,296,1.28824
7,322,1.30162
7,387,1.30808
7,401,1.27497
7,433,1.32126
7,442,1.42865
7,452,1.34389
7,466,1.34147
7,469,1.38638
7,472,1.36097
7,474,1.36769
8,14,1.21867
8,109,1.19541
8,139,1.25853
8,204,1.14726
8,217,1.25422
8,247,1.30809
8,342,1.45576
8,371,1.31482
8,372,1.30873
8,385,1.34716
8,403,1.36061
8,430,1.38602
8,449,1.40595
8,488,1.37308
8,490,1.32673
9,29,1.21635
9,66,1.35878
9,111,1.31926
9,132,1.19361
9,157,1.21147
9,235,1.35624
9,295,1.3057
9,315,1.33866
9,328,1.27366
9,392,1.34414
9,446,1.3645
9,450,1.41886
9,468,1.34553
9,479,1.37842
9,482,1.25396
10,3,1.17119
10,27,1.23804
10,53,1.19671
10,107,1.46862
10,183,1.24068
10,215,1.29067
10,251,1.2403
10,296,1.30035
10,394,1.36618
10,411,1.36121
10,466,1.35358
10,480,1.40443
10,489,1.36478
10,491,1.28286
10,499,1.37562
11,25,1.24722
11,27,1.25145
11,30,1.24848
11,77,1.20294
11,85,1.05859
11,96,1.19301
11,101,1.16694
11,362,1.32894
11,384,1.32282
11,400,1.31753
11,412,1.68275
11,416,1.36539
11,440,1.38473
11,481,1.4367
11,495,1.43271
12,130,1.19479
12,180,1.12617
12,189,1.33017
12,209,1.25824
12,211,1.36172
12,226,1.23636
12,253,1.32055
12,296,1.20973
12,343,1.348
12,361,1.32833
12,374,1.29781
12,437,1.31382
12,465,1.59842
12,472,1.36539
12,478,1.37563
13,23,1.22285
13,48,1.21869
13,124,1.29395
13,154,1.20842
13,194,1.28061
13,242,1.25283
13,244,1.36377
13,298,1.32887
13,308,1.29983
13,350,1.35824
13,381,1.3245
13,403,1.37964
13,459,1.30848
13,482,1.42947
13,498,1.40743
14,8,1.21867
14,142,1.26459
14,184,1.26622
14,202,1.25458
14,252,1.3198
14,271,1.23241
14,319,1.28033
14,332,1.34844
14,359,1.29956
14,371,1.31823
14,393,1.27615
14,409,1.40925
14,450,1.41668
14,466,1.35134
14,495,1.41706
15,93,1.0094
15,274,1.28785
15,281,1.29806
15,338,1.18752
15,347,1.32381
15,354,1.39566
15,375,1.29225
15,384,1.28625
15,419,1.51482
15,421,1.30157
15,427,1.36506
15,431,1.35715
15,436,1.28311
15,451,1.34352
15,482,1.40612
16,19,1.24794
16,29,1.23342
16,50,1.24009
16,87,0.921517
16,94,1.35246
16,96,1.19662
16,212,1.27292
16,269,1.32846
16,322,1.33074
16,389,1.41464
16,391,1.33708
16,406,1.25715
16,414,1.36715
16,461,1.4085
16,468,1.75459
17,27,1.23322
17,52,1.35286
17,127,1.31235
17,223,0.984321
17,225,1.25396
17,257,1.26734
17,280,1.31915
17,333,1.32717
17,340,1.28473
17,349,1.27755
17,358,1.31594
17,390,1.36856
17,412,1.34318
17,451,1.36187
17,452,1.64823
18,73,1.1261
18,125,1.29292
18,199,1.3938
18,217,1.25261
18,240,1.35516
18,277,1.22301
18,293,1.29924
18,361,1.32876
18,366,1.30414
18,407,1.29984
18,419,1.34211
18,441,1.32237
18,443,1.36291
18,470,1.34863
18,481,1.38789
19,16,1.24794
19,35,1.22173
19,99,1.29407
19,145,1.08802
19,173,1.29887
19,181,1.28198
19,212,1.26027
19,269,1.31581
19,287,1.32383
19,366,1.45255
19,391,1.32442
19,401,1.34276
19,461,1.39584
19,484,1.39418
19,495,1.42366
20,70,1.19828
20,172,1.25293
20,183,1.20932
20,278,1.30215
20,307,1.28408
20,320,1.32029
20,361,1.36257
20,378,1.18783
20,445,1.33625
20,449,1.38024
20,450,1.38756
20,460,1.36893
20,462,1.31818
20,480,1.37307
20,494,1.38188
21,71,1.21379
21,79,1.20773
21,84,1.39411
21,109,1.21517
21,192,1.24947
21,243,1.24526
21,247,1.18063
21,267,1.33772
21,271,1.33733
21,304,1.36416
21,394,1.38029
21,439,1.39553
21,442,1.39277
21,499,1.38973
21,500,1.36357
22,45,1.19386
22,63,1.32834
22,82,1.50388
22,116,1.2907
22,127,1.29974
22,263,1.22399
22,279,1.30041
22,290,1.29286
22,348,1.12737
22,355,1.3051
22,439,1.364
22,470,1.33846
22,477,1.37343
22,480,1.38701
22,488,1.36131
23,13,1.22285
23,145,1.26962
23,159,1.22209
23,161,1.24739
23,204,1.21134
23,261,1.24337
23,322,1.29663
23,386,1.34673
23,415,1.32761
23,425,1.318
23,458,1.4684
23,476,1.36187
23,478,1.36622
23,479,1.36139
23,481,1.40619
24,34,1.21835
24,39,1.23802
24,77,1.21408
24,103,1.31422
24,143,1.21936
24,157,1.23608
24,171,1.42453
24,258,1.25113
24,348,1.35704
24,354,1.33547
24,449,1.23865
24,466,1.37814
24,467,1.37371
24,472,1.39763
24,481,1.44784
25,3,1.26349
25,11,1.24722
25,79,1.20087
25,89,1.29421
25,163,1.2813
25,183,1.212
25,278,1.34075
25,322,1.32098
25,340,1.35177
25,350,1.35211
25,351,1.2804
25,434,1.3808
25,448,1.38162
25,459,1.4169
25,467,1.34146
26,7,1.21727
26,98,1.19435
26,219,1.2612
26,240,1.36523
26,241,1.35859
26,277,1.23308
26,295,1.46542
26,317,1.16874
26,318,1.3379
26,342,1.27676
26,345,1.30639
26,390,1.3762
26,441,1.33244
26,492,1.35821
26,494,1.42052
27,10,1.23804
27,11,1.25145
27,17,1.23322
27,54,1.35714
27,111,1.33079
27,138,1.23195
27,163,1.28552
27,273,1.21382
27,279,1.3293
27,303,1.37607
27,352,1.33593
27,417,1.36031
27,430,1.40315
27,477,1.34845
27,485,1.37486
28,3,1.25207
28,135,1.26662
28,184,1.26429
28,201,1.16158
28,233,1.25058
28,262,1.2181
28,311,1.34972
28,319,1.2784
28,382,1.37262
28,392,1.34003
28,428,1.33552
28,449,1.40743
28,470,1.35171
28,478,1.37914
28,499,1.44116
29,9,1.21635
29,16,1.23342
29,48,0.894989
29,109,1.19408
29,169,1.2544
29,209,1.25576
29,255,1.30766
29,271,1.31305
29,338,1.83766
29,347,1.33681
29,404,1.34713
29,422,1.39031
29,447,1.36201
29,452,1.34585
29,479,1.36832
30,11,1.24848
30,108,1.20286
30,201,1.25897
30,214,1.24276
30,215,1.29918
30,280,1.33247
30,285,1.17793
30,308,1.4754
30,375,1.32392
30,376,1.32601
30,397,1.2773
30,404,1.3658
30,425,1.3436
30,447,1.38068
30,469,1.407
31,6,1.21355
31,113,1.05989
31,118,1.28954
31,136,1.20586
31,165,1.28189
31,245,1.56222
31,250,1.30257
31,267,1.32371
31,320,1.35175
31,338,1.21079
31,449,1.41171
31,452,1.33543
31,461,1.39159
31,485,1.3635
31,491,1.38361
32,33,1.35199
32,83,1.33414
32,97,1.46693
32,234,1.37839
32,291,1.45789
32,294,1.4245
32,341,1.47051
32,370,0.741081
32,393,1.42034
32,399,1.42952
32,425,1.00214
32,430,1.53363
32,437,1.46345
32,453,1.07152
32,466,1.11704
33,32,1.35199
33,50,1.20654
33,82,1.19053
33,94,1.31892
33,186,1.23714
33,288,1.27446
33,298,1.29896
33,381,1.35395
33,383,1.28827
33,414,1.3336
33,452,1.33948
33,456,1.39119
33,476,1.36244
33,477,1.37432
33,497,1.34658
34,24,1.21835
34,52,1.32491
34,173,1.26174
34,192,1.52002
34,223,1.30792
34,226,1.21127
34,252,1.2384
34,265,1.2765
34,349,1.2496
34,350,1.31209
34,398,1.3404
34,425,1.30232
34,439,1.34865
34,459,1.37688
34,471,1.45518
34,484,1.35815
35,19,1.22173
35,54,1.33647
35,84,1.18887
35,133,1.2996
35,172,1.27509
35,208,1.23958
35,278,1.32431
35,291,1.30674
35,304,1.34086
35,308,1.27726
35,395,1.33334
35,404,1.19399
35,440,1.36213
35,453,1.49043
35,466,1.53595
35,477,1.38166
36,113,1.24969
36,151,1.24084
36,275,1.38383
36,279,1.27376
36,291,1.27187
36,325,1.39788
36,326,1.2248
36,336,1.23192
36,404,1.31322
36,430,1.34761
36,432,1.42657
36,439,1.33735
36,476,1.3349
36,483,1.33642
36,494,1.37364
36,500,1.35396
37,107,1.17573
37,113,1.3297
37,200,1.21624
37,205,1.25532
37,251,1.2289
37,260,1.23194
37,296,1.33804
37,312,1.25019
37,313,1.28597
37,447,1.36077
37,470,1.34448
37,481,1.41189
37,484,1.56664
37,490,1.37173
37,491,1.3721
37,498,1.38265
38,52,1.3492
38,71,1.1912
38,80,1.45207
38,110,1.25089
38,113,1.28528
38,210,1.33378
38,235,1.24215
38,261,1.25199
38,301,1.27032
38,313,1.5349
38,335,1.32926
38,356,1.29026
38,400,1.29564
38,419,1.34088
38,435,1.32684
38,497,1.38111
39,24,1.23802
39,99,1.27661
39,121,1.16458
39,126,1.26619
39,236,1.29228
39,316,1.29009
39,330,1.46192
39,346,1.44627
39,355,1.30942
39,377,1.30569
39,393,1.26529
39,408,1.35368
39,424,1.34199
39,431,1.36721
39,443,1.35707
39,474,1.3667
40,41,1.05126
40,122,1.26459
40,149,1.27541
40,207,1.32523
40,274,1.45134
40,298,1.28029
40,331,1.31943
40,342,1.23875
40,398,1.33797
40,400,1.26892
40,420,1.25363
40,441,1.29442
40,444,1.35106
40,460,1.70056
40,465,1.31713
40,500,1.36283
41,40,1.05126
41,71,1.18517
41,154,1.3666
41,267,1.39352
41,272,0.731505
41,277,1.26771
41,281,1.39114
41,357,1.38399
41,362,1.38545
41,385,1.42273
41,386,1.43374
41,399,1.35749
41,434,1.44347
41,436,1.37619
41,475,1.46053
41,480,1.47434
42,60,1.28099
42,110,1.28275
42,128,1.29794
42,193,1.21427
42,198,1.31007
42,276,1.24528
42,289,1.26686
42,301,1.2387
42,334,1.2939
42,336,1.65459
42,386,1.32373
42,402,1.33022
42,460,1.36019
42,464,1.30836
42,488,1.33863
42,494,1.37761
43,98,1.17768
43,222,1.2326
43,228,1.3046
43,254,1.31805
43,257,1.2583
43,273,1.30599
43,309,1.35452
43,311,1.34003
43,322,1.29987
43,326,1.25501
43,336,1.26213
43,360,1.50842
43,391,1.30621
43,440,1.40322
43,463,1.38675
43,495,1.40545
44,119,1.27159
44,141,1.19873
44,222,1.23311
44,256,1.30845
44,267,1.16675
44,289,1.46634
44,322,1.30039
44,328,1.26038
44,358,1.30742
44,364,1.30518
44,368,1.28976
44,376,1.54008
44,378,1.35536
44,411,1.34787
44,417,1.3355
44,427,1.37489
45,22,1.19386
45,55,1.20873
45,59,1.50683
45,186,1.23961
45,194,1.25195
45,223,1.32541
45,258,1.2885
45,268,1.29086
45,287,1.30419
45,314,1.325
45,345,1.32446
45,410,1.3528
45,450,1.40364
45,459,1.30202
45,482,1.42302
45,498,1.37877
46,97,1.29404
46,106,1.23463
46,111,1.28838
46,115,1.26716
46,273,1.28891
46,279,1.28689
46,316,1.27226
46,334,1.30306
46,349,1.25143
46,357,1.28313
46,383,1.45901
46,410,1.33714
46,456,1.31989
46,481,1.39235
46,487,1.44762
46,495,1.38836
47,3,1.24388
47,78,1.21527
47,80,1.38464
47,156,1.28163
47,208,1.23641
47,211,1.35704
47,313,1.46746
47,338,1.19832
47,391,1.3077
47,397,1.32998
47,437,1.30914
47,451,1.35432
47,458,1.33588
47,468,1.33322
47,487,1.37781
47,500,1.38566
48,13,1.21869
48,29,0.894989
48,161,1.25102
48,213,1.22864
48,235,1.22938
48,352,1.3032
48,373,1.28876
48,387,1.29893
48,389,1.37637
48,395,1.32128
48,416,1.33072
48,441,1.79251
48,445,1.34635
48,468,1.32433
48,471,1.37213
48,495,1.54182
49,69,1.43065
49,146,1.15615
49,175,1.35451
49,187,1.23677
49,269,1.2673
49,365,1.25854
49,382,1.33264
49,391,1.27591
49,404,1.31314
49,434,1.32941
49,444,1.34211
49,445,1.44123
49,450,1.37477
49,478,1.33917
49,479,1.33433
49,486,1.32923
50,16,1.24009
50,33,1.20654
50,77,1.18604
50,146,1.19681
50,235,1.24715
50,272,1.28814
50,299,1.30578
50,334,1.3305
50,359,1.27547
50,376,1.46196
50,379,1.37736
50,454,1.39408
50,455,1.46945
50,490,1.37964
50,493,1.3648
50,499,1.37213
51,124,1.39243
51,180,1.35068
51,201,1.36232
51,207,0.868908
51,222,1.35831
51,229,1.43986
51,235,1.36249
51,247,0.995372
51,259,1.43435
51,341,1.44041
51,359,1.42037
51,366,1.42324
51,399,1.39942
51,430,1.50353
51,485,1.18494
51,500,1.17832
52,17,1.35286
52,34,1.32491
52,38,1.3492
52,107,1.31824
52,109,1.33218
52,131,0.795626
52,233,1.38586
52,258,1.4349
52,311,0.81394
52,328,1.2534
52,367,1.44966
52,395,1.47365
52,420,1.37421
52,423,1.47351
52,444,1.51738
52,468,1.4767
53,10,1.19671
53,182,1.21828
53,267,1.29375
53,288,1.26114
53,311,1.32404
53,322,1.31946
53,348,1.30263
53,363,1.47806
53,366,1.28154
53,371,1.29062
53,378,1.33885
53,405,1.34065
53,461,1.36163
53,470,1.32603
53,491,1.35365
53,496,1.41473
54,27,1.35714
54,35,1.33647
54,90,1.32641
54,142,1.38593
54,145,1.40582
54,150,1.36798
54,158,1.30063
54,300,1.41289
54,309,1.48747
54,313,1.03834
54,336,1.12617
54,388,1.00745
54,426,1.51918
54,457,1.06205
54,489,1.48388
54,490,1.50224
55,45,1.20873
55,75,1.1911
55,127,1.3146
55,159,1.27358
55,174,1.25437
55,245,1.59765
55,284,1.2837
55,287,1.31691
55,295,1.30321
55,302,1.27999
55,307,1.31288
55,348,1.25431
55,366,1.39062
55,403,1.36371
55,439,1.37886
55,459,1.4071
56,70,1.48609
56,234,1.42468
56,248,1.2737
56,306,1.22968
56,374,1.2471
56,379,1.32245
56,384,1.25101
56,402,1.31192
56,421,1.26633
56,423,1.284
56,463,1.34221
56,473,1.34201
56,476,1.34357
56,480,1.34603
56,486,1.31498
56,494,1.35931
57,66,1.31456
57,112,1.31613
57,128,1.20131
57,137,1.38758
57,205,1.50335
57,228,1.27418
57,280,1.27969
57,294,1.23827
57,347,1.30269
57,389,1.35335
57,416,1.30771
57,422,1.35619
57,433,1.28909
57,434,1.32928
57,464,1.30418
57,478,1.33904
58,125,1.27305
58,136,1.17863
58,218,1.24047
58,259,1.29537
58,266,1.29428
58,280,1.39756
58,292,1.26482
58,295,1.56471
58,307,1.28832
58,317,1.26803
58,332,1.32356
58,343,1.32856
58,431,1.35319
58,477,1.36373
58,490,1.35601
58,492,1.32827
59,45,1.50683
59,156,1.27696
59,211,1.25056
59,225,1.24174
59,231,1.20593
59,258,1.28675
59,318,1.31805
59,327,1.24537
59,329,1.3183
59,376,1.30047
59,380,1.28719
59,418,1.33557
59,424,1.33805
59,454,1.38054
59,459,1.46555
59,487,1.35354
60,42,1.28099
60,86,1.27122
60,101,1.36823
60,104,1.29544
60,248,1.03728
60,301,1.17907
60,367,1.41307
60,385,1.04916
60,402,0.951188
60,408,1.4613
60,411,1.45573
60,446,1.45908
60,470,1.45041
60,483,1.47501
60,498,1.48858
60,499,1.47014
61,7,1.18801
61,64,0.956094
61,127,1.29072
61,147,1.25329
61,165,1.25534
61,316,1.27676
61,350,1.31842
61,369,1.64572
61,377,1.33044
61,378,1.34226
61,383,1.27836
61,403,1.33982
61,413,1.32585
61,421,1.29829
61,432,1.39127
61,496,1.60625
62,63,1.23333
62,88,1.20779
62,144,1.21933
62,194,1.28847
62,201,1.2717
62,210,1.08082
62,215,1.31191
62,247,1.47693
62,249,1.24929
62,295,1.327
62,310,1.30588
62,331,1.37587
62,342,1.29519
62,485,1.66651
62,490,1.40437
62,499,1.39686
63,22,1.32834
63,62,1.23333
63,144,1.18361
63,157,1.19706
63,248,1.31763
63,285,1.36493
63,337,1.33162
63,346,1.51476
63,369,1.30427
63,376,1.30303
63,377,1.37418
63,401,1.32393
63,423,1.32792
63,435,1.32085
63,457,1.33993
63,492,1.34092
64,61,0.956094
64,69,1.33251
64,99,1.41048
64,102,1.40395
64,123,1.31812
64,176,1.36328
64,218,1.38837
64,229,1.44879
64,269,0.845517
64,338,1.77773
64,351,1.39393
64,383,1.42557
64,385,1.47358
64,426,0.652902
64,429,1.44151
64,451,1.48746
65,101,1.23701
65,104,1.16422
65,135,1.35646
65,174,1.22023
65,228,1.26701
65,333,1.29528
65,340,1.30783
65,341,1.29186
65,379,1.34415
65,380,1.26753
65,423,1.3057
65,461,1.61019
65,482,1.39258
65,485,1.32669
65,495,1.3826
65,497,1.3529
66,9,1.35878
66,57,1.31456
66,103,0.866543
66,141,1.34434
66,161,1.40455
66,165,1.41405
66,208,1.38104
66,219,1.01459
66,235,1.38291
66,272,1.42391
66,321,1.41977
66,355,1.45479
66,428,1.45858
66,429,1.13186
66,480,1.18671
66,500,1.5303
67,203,1.25315
67,255,1.30726
67,257,1.2616
67,288,1.28043
67,290,1.29972
67,315,1.28221
67,327,1.25185
67,336,1.26543
67,341,1.318
67,356,1.34435
67,393,1.26783
67,415,1.33415
67,426,1.38953
67,427,1.37767
67,455,1.43624
67,472,1.47185
68,92,1.28677
68,103,0.980811
68,172,1.35971
68,247,1.38917
68,253,1.00581
68,259,1.39791
68,347,1.42239
68,371,1.3959
68,382,1.45221
68,423,1.41782
68,429,1.24613
68,432,0.96239
68,446,1.43998
68,447,1.44759
68,486,1.4488
68,492,1.43081
69,49,1.43065
69,64,1.33251
69,78,1.21281
69,138,1.20565
69,238,1.20755
69,251,1.22547
69,298,1.30066
69,312,1.46453
69,313,1.28255
69,343,1.34086
69,371,1.30564
69,410,1.32636
69,450,1.40409
69,464,1.33362
69,478,1.36849
69,490,1.36831
70,5,1.21152
70,6,1.38964
70,20,1.19828
70,56,1.48609
70,151,1.28798
70,225,1.26184
70,248,1.33517
70,258,1.33532
70,319,1.28564
70,321,1.29057
70,351,1.27623
70,361,1.33908
70,375,1.31848
70,409,1.35959
70,440,1.37439
70,458,1.35132
71,21,1.21379
71,38,1.1912
71,41,1.18517
71,124,1.46017
71,148,1.1736
71,175,1.22794
71,250,1.27558
71,272,1.87253
71,335,1.31085
71,379,1.35397
71,381,1.28423
71,384,1.28252
71,409,1.32963
71,448,1.34341
71,463,1.37372
71,467,1.32227
71,500,1.37114
72,76,1.15708
72,123,1.17494
72,175,1.23242
72,266,1.29899
72,269,1.28904
72,271,1.36972
72,278,1.3111
72,279,1.29542
72,286,1.27281
72,339,1.30165
72,356,1.53896
72,364,1.29611
72,423,1.31999
72,426,1.37768
72,455,1.63084
72,483,1.35808
72,497,1.36719
73,18,1.1261
73,150,1.09957
73,178,1.05411
73,211,1.41148
73,225,1.30085
73,267,1.36568
73,317,1.36171
73,355,1.3646
73,359,1.3506
73,370,1.41879
73,387,1.36226
73,405,1.41258
73,448,1.24132
73,460,1.44237
73,475,1.43269
73,487,1.41265
73,499,1.4177
74,91,1.16279
74,217,1.24827
74,237,1.2446
74,257,1.26055
74,261,1.24887
74,269,1.29985
74,316,1.2916
74,321,1.2759
74,325,1.35085
74,355,1.38908
74,362,1.51292
74,363,1.3015
74,405,1.35891
74,406,1.32949
74,410,1.35648
74,435,1.32372
74,483,1.62764
75,2,1.20658
75,55,1.1911
75,120,1.29207
75,233,1.22184
75,241,1.28768
75,295,1.27286
75,307,1.28254
75,365,1.26979
75,372,1.28148
75,389,1.36472
75,421,1.29182
75,437,1.2886
75,447,1.6858
75,463,1.54266
75,476,1.34606
75,494,1.3848
75,496,1.35952
76,72,1.15708
76,86,1.5499
76,114,1.16252
76,115,1.25102
76,209,1.21885
76,228,1.27138
76,284,1.37925
76,389,1.35055
76,426,1.35301
76,429,1.27366
76,445,1.32053
76,477,1.34378
76,478,1.33624
76,487,1.57692
76,493,1.32121
76,497,1.34252
76,500,1.35095
77,11,1.20294
77,24,1.21408
77,50,1.18604
77,154,1.25965
77,196,1.54324
77,216,1.20652
77,235,1.2136
77,334,1.4298
77,415,1.30767
77,417,1.3118
77,444,1.34923
77,460,1.53199
77,473,1.36336
77,482,1.39224
77,483,1.34345
77,491,1.34647
77,498,1.35702
78,47,1.21527
78,69,1.21281
78,129,1.1587
78,199,1.25891
78,245,1.25172
78,273,1.32092
78,278,1.59116
78,302,1.28362
78,331,1.39422
78,339,1.32513
78,362,1.3166
78,372,1.31546
78,402,1.51875
78,417,1.34991
78,436,1.30734
78,443,1.37124
78,446,1.36563
79,21,1.20773
79,25,1.20087
79,195,1.20782
79,202,1.22387
79,241,1.32282
79,292,1.58174
79,299,1.27633
79,310,1.2517
79,343,1.32319
79,409,1.32357
79,418,1.31965
79,419,1.60585
79,427,1.35528
79,433,1.30042
79,457,1.32146
79,461,1.35854
79,494,1.38476
80,38,1.45207
80,47,1.38464
80,163,1.24625
80,174,1.22913
80,190,1.21252
80,211,1.34161
80,227,1.22537
80,248,1.3043
80,263,1.21361
80,287,1.29167
80,313,1.68329
80,324,1.33047
80,337,1.31829
80,353,1.29577
80,402,1.34251
80,483,1.35269
80,499,1.34782
81,84,1.73276
81,123,1.18554
81,124,1.26876
81,130,1.19066
81,156,1.28218
81,164,1.26168
81,218,1.48102
81,242,1.22764
81,250,1.30207
81,301,1.26699
81,325,1.35064
81,369,1.30693
81,400,1.29231
81,419,1.33755
81,428,1.3145
81,456,1.39591
81,491,1.37169
82,22,1.50388
82,33,1.19053
82,117,1.25136
82,160,1.25422
82,215,1.27116
82,223,1.34585
82,239,1.20886
82,240,1.3429
82,286,1.2757
82,316,1.28369
82,340,1.64626
82,363,1.29359
82,394,1.34666
82,418,1.33309
82,425,1.31559
82,447,1.35266
82,466,1.33407
83,1,1.22196
83,32,1.33414
83,132,1.15929
83,169,1.23017
83,291,1.28156
83,299,1.27489
83,343,1.3213
83,369,1.57017
83,379,1.399
83,383,1.27042
83,396,1.27114
83,466,1.3192
83,475,1.35624
83,476,1.34459
83,486,1.339
83,489,1.33039
83,496,1.5307
84,1,1.22784
84,21,1.39411
84,35,1.18887
84,81,1.73276
84,138,1.19197
84,142,1.23833
84,146,1.1718
84,299,1.38963
84,409,1.32801
84,417,1.32034
84,428,1.2978
84,431,1.35181
84,449,1.38309
84,467,1.32065
84,483,1.35198
84,487,1.34207
84,493,1.33979
85,11,1.05859
85,95,1.36447
85,145,1.34642
85,193,1.31407
85,203,1.32341
85,227,1.21568
85,291,1.37564
85,368,1.3628
85,381,1.37082
85,408,1.42648
85,419,0.933209
85,420,1.34853
85,422,1.46017
85,442,1.43836
85,468,1.33416
85,482,1.48898
85,486,1.43308
86,60,1.27122
86,76,1.5499
86,136,1.15588
86,241,1.3059
86,296,1.25049
86,305,1.24305
86,315,1.2429
86,324,1.30841
86,337,1.29623
86,350,1.29499
86,390,1.32351
86,394,1.28784
86,445,1.31774
86,457,1.67315
86,469,1.34862
86,473,1.35053
86,498,1.34419
87,16,0.921517
87,114,1.25375
87,270,1.33612
87,280,1.36811
87,285,1.42356
87,299,1.35342
87,344,1.30588
87,405,1.17126
87,412,1.12524
87,414,1.39428
87,450,1.46307
87,453,1.40805
87,463,1.44475
87,489,1.31036
87,490,1.42728
87,493,1.41244
87,495,1.46345
88,3,1.21623
88,62,1.20779
88,125,1.26016
88,201,1.42756
88,240,1.3224
88,285,1.3394
88,326,1.22886
88,345,1.29973
88,369,1.27873
88,395,1.38412
88,396,1.26551
88,420,1.24882
88,422,1.36046
88,426,1.36007
88,451,1.32667
88,474,1.33979
88,499,1.70714
89,25,1.29421
89,105,1.54486
89,146,1.2607
89,248,1.39249
89,276,0.927113
89,287,1.37987
89,318,0.945269
89,331,1.41503
89,343,1.41608
89,365,1.36309
89,382,1.43719
89,399,1.34797
89,426,1.46048
89,448,1.43069
89,468,1.40599
89,469,1.07406
89,475,1.45101
90,54,1.32641
90,177,1.24934
90,202,1.23756
90,218,1.24834
90,233,1.23549
90,249,1.68296
90,294,1.26329
90,322,1.29447
90,323,1.31866
90,338,1.19143
90,340,1.32527
90,404,1.33804
90,437,1.30224
90,445,1.40735
90,448,1.35104
90,473,1.42337
90,477,1.3716
91,74,1.16279
91,125,1.248
91,178,1.44017
91,219,1.20621
91,310,1.23247
91,331,1.30246
91,333,1.27981
91,391,1.26789
91,422,1.34829
91,429,1.26856
91,432,1.36554
91,438,1.31694
91,448,1.62739
91,456,1.35555
91,460,1.34812
91,480,1.35225
91,497,1.45616
92,5,1.19324
92,68,1.28677
92,126,1.26407
92,149,1.2954
92,224,1.49064
92,232,1.20222
92,238,1.68749
92,260,1.22813
92,278,1.31829
92,314,1.32507
92,334,1.31878
92,371,1.30526
92,387,1.30497
92,435,1.32011
92,456,1.34452
92,465,1.33711
92,493,1.35308
93,15,1.0094
93,229,1.36222
93,312,1.2958
93,341,1.36276
93,369,1.35295
93,412,1.05195
93,414,1.38434
93,424,1.05417
93,425,1.3693
93,438,1.40332
93,456,1.44193
93,459,1.44386
93,468,1.41271
93,472,1.40728
93,476,1.41317
93,479,1.41269
93,487,1.40478
94,16,1.35246
94,33,1.31892
94,102,1.39206
94,129,1.26651
94,130,1.31136
94,137,1.37783
94,225,1.36766
94,226,1.35293
94,238,1.28591
94,298,0.955254
94,310,1.08293
94,358,1.42964
94,409,1.4654
94,419,1.45824
94,444,1.49515
94,452,1.46489
94,457,1.18402
95,85,1.36447
95,121,1.25589
95,164,1.1124
95,196,1.30566
95,250,1.38067
95,259,0.998396
95,263,1.44264
95,288,1.36919
95,371,1.39868
95,381,1.38932
95,391,1.39827
95,404,1.43549
95,419,1.42756
95,430,1.0017
95,463,1.47881
95,464,1.42666
95,468,1.42379
96,11,1.19301
96,16,1.19662
96,184,1.2215
96,215,1.2437
96,229,1.16989
96,271,1.27625
96,313,1.25041
96,375,1.71025
96,397,1.29538
96,432,1.37075
96,447,1.32521
96,452,1.63578
96,459,1.36269
96,470,1.30892
96,480,1.35746
96,488,1.33177
96,493,1.32133
97,32,1.46693
97,46,1.29404
97,136,1.30416
97,204,1.32686
97,212,1.2236
97,215,1.38908
97,222,1.34487
97,226,1.34246
97,282,1.39527
97,284,1.38467
97,341,1.08766
97,396,1.40394
97,418,1.45102
97,442,1.09167
97,444,1.48468
97,445,1.46602
97,482,1.10706
98,26,1.19435
98,43,1.17768
98,125,1.19937
98,141,1.17704
98,189,1.30282
98,214,1.59634
98,257,1.23712
98,278,1.29848
98,346,1.31204
98,349,1.24734
98,389,1.3626
98,402,1.33528
98,405,1.33548
98,472,1.33805
98,481,1.38826
98,483,1.73224
98,490,1.34811
99,19,1.29407
99,39,1.27661
99,64,1.41048
99,122,1.36293
99,336,1.33913
99,352,1.3876
99,372,1.37753
99,389,0.924318
99,400,1.36726
99,433,1.2883
99,456,1.47086
99,473,1.46354
99,475,1.13839
99,479,1.44163
99,485,1.42653
99,486,1.43652
99,498,1.1607
100,110,1.34159
100,124,1.32234
100,125,0.852235
100,256,1.36355
100,259,1.22603
100,265,1.19081
100,278,1.37527
100,280,1.36573
100,323,1.37968
100,337,1.38786
100,390,1.26564
100,424,1.39685
100,425,1.37686
100,441,1.37138
100,480,1.44619
100,481,1.46505
100,495,1.46107
101,11,1.16694
101,60,1.36823
101,65,1.23701
101,233,1.3019
101,238,1.26953
101,285,1.42655
101,348,1.37963
101,361,1.38316
101,369,1.36589
101,385,1.39996
101,405,1.12777
101,424,1.08397
101,448,1.41744
101,460,1.44744
101,467,1.3963
101,468,1.4425
101,491,1.43065
101,492,1.40254
102,64,1.40395
102,94,1.39206
102,163,1.33066
102,192,1.29197
102,246,1.3003
102,260,1.29996
102,308,1.34306
102,327,1.19287
102,403,1.42288
102,410,1.42469
102,420,1.34545
102,427,1.44484
102,428,1.38292
102,433,1.29641
102,466,1.4102
102,475,1.1465
102,498,1.16881
102,499,1.43224
103,24,1.31422
103,66,0.866543
103,68,0.980811
103,140,1.3371
103,151,1.34801
103,166,1.29823
103,227,1.6122
103,287,1.38257
103,296,1.36346
103,341,1.39166
103,342,1.33705
103,345,1.40284
103,383,1.3679
103,412,1.36991
103,427,1.45133
103,436,1.36937
103,440,1.43443
103,453,1.42701
104,60,1.29544
104,65,1.16422
104,160,1.24808
104,188,1.23617
104,190,1.23312
104,277,1.20462
104,284,1.26061
104,289,1.28131
104,296,1.2747
104,306,1.26242
104,338,2.17408
104,347,1.32132
104,348,1.30683
104,392,1.31855
104,408,1.34113
104,441,1.40789
104,448,1.34465
104,484,1.36527
105,4,1.19451
105,89,1.54486
105,108,1.16623
105,125,1.48723
105,133,1.28068
105,149,1.2825
105,177,1.24048
105,212,1.22779
105,248,1.30398
105,255,1.2897
105,280,1.29585
105,299,1.28116
105,313,1.26926
105,355,1.78153
105,389,1.36951
105,405,1.34239
105,413,1.32417
105,491,1.35539
106,46,1.23463
106,137,1.30795
106,152,1.31403
106,156,1.333
106,266,0.936527
106,324,1.39728
106,332,1.38969
106,348,1.22749
106,375,1.41851
106,389,1.43663
106,396,1.34453
106,430,1.43068
106,431,1.41932
106,446,1.22418
106,462,1.38855
106,466,1.39259
106,474,1.4188
106,479,1.41749
107,10,1.46862
107,37,1.17573
107,52,1.31824
107,116,1.26868
107,145,1.24728
107,203,1.22427
107,224,1.21515
107,259,1.28306
107,286,1.75593
107,331,1.60421
107,346,1.30763
107,391,1.28063
107,407,1.26766
107,412,1.30856
107,425,1.29566
107,443,1.33073
107,473,1.36096
107,474,1.34036
108,30,1.20286
108,105,1.16623
108,135,1.23858
108,146,1.16809
108,168,1.50638
108,207,1.32822
108,280,1.29175
108,308,1.25423
108,344,1.22952
108,388,1.81273
108,394,1.48202
108,396,1.27331
108,424,1.32287
108,458,1.31603
108,469,1.36628
108,474,1.34758
108,489,1.33256
108,495,1.38709
109,8,1.19541
109,21,1.21517
109,29,1.19408
109,52,1.33218
109,120,1.29947
109,130,1.17697
109,175,1.22932
109,182,1.22263
109,305,1.26741
109,330,1.29373
109,351,1.24765
109,412,1.3225
109,438,1.77465
109,476,1.35346
109,477,1.36535
109,487,1.34507
109,491,1.358
109,495,1.84091
110,38,1.25089
110,42,1.28275
110,100,1.34159
110,137,1.3422
110,168,1.14486
110,191,1.3296
110,195,1.31402
110,276,1.35863
110,289,1.38022
110,290,1.38354
110,307,1.3887
110,351,1.34642
110,367,1.39181
110,394,1.12049
110,417,1.4221
110,436,1.37953
110,437,1.39476
110,488,1.45199
111,7,1.30721
111,9,1.31926
111,27,1.33079
111,46,1.28838
111,116,1.40087
111,143,1.28756
111,173,1.38727
111,231,1.31572
111,299,1.40203
111,326,1.31457
111,349,1.37513
111,358,1.12745
111,364,1.41127
111,365,1.25315
111,413,1.11898
111,447,1.46493
111,474,1.47256
111,493,1.46105
112,2,1.28669
112,57,1.31613
112,113,1.34098
112,171,1.30664
112,189,0.983626
112,260,1.29056
112,265,1.35648
112,326,1.31608
112,386,1.17375
112,419,1.39657
112,437,1.36871
112,445,1.41482
112,453,1.41112
112,461,1.43869
112,463,1.44782
112,484,1.43813
112,489,1.41199
112,494,1.33826
113,31,1.05989
113,36,1.24969
113,37,1.3297
113,38,1.28528
113,112,1.34098
113,149,1.2435
113,151,1.3521
113,152,1.34222
113,247,1.38094
113,321,1.3547
113,327,1.3296
113,330,1.17044
113,360,1.37607
113,415,1.4119
113,416,1.41918
113,447,1.43937
113,495,1.4865
113,497,1.45679
114,76,1.16252
114,87,1.25375
114,154,1.27972
114,186,1.61313
114,206,1.24497
114,211,1.35244
114,222,1.22949
114,237,1.23924
114,263,1.22445
114,276,1.26841
114,372,1.29742
114,376,1.30054
114,389,1.38066
114,429,1.30377
114,446,1.34759
114,452,1.33904
114,454,1.48157
114,497,1.72257
115,46,1.26716
115,76,1.25102
115,137,1.08835
115,160,1.34526
115,225,1.33031
115,272,1.36317
115,302,1.35407
115,324,1.42981
115,361,1.28101
115,380,1.37576
115,381,1.38265
115,386,1.13581
115,407,1.37863
115,420,1.36036
115,422,1.472
115,490,1.45467
115,494,1.30032
115,497,1.46113
116,22,1.2907
116,107,1.26868
116,111,1.40087
116,118,1.11256
116,176,1.32406
116,207,1.44198
116,236,1.38694
116,255,1.1635
116,261,1.34202
116,293,1.38804
116,319,1.36413
116,362,1.39708
116,375,1.39696
116,376,1.39906
116,391,1.40162
116,406,1.42264
116,450,1.24865
116,463,1.27481
117,5,1.12776
117,82,1.25136
117,197,1.2716
117,289,1.35127
117,303,1.3298
117,325,1.08413
117,343,1.03603
117,347,1.39128
117,348,1.37679
117,392,1.38851
117,407,1.35141
117,431,1.42462
117,458,1.39256
117,459,1.45396
117,464,1.39277
117,476,1.42328
117,489,1.544
117,490,1.42745
118,31,1.28954
118,116,1.11256
118,134,1.3235
118,172,1.34716
118,188,1.32469
118,196,1.29032
118,224,1.31746
118,266,1.38427
118,304,1.41292
118,323,1.40078
118,409,1.41939
118,415,1.40757
118,443,1.43304
118,450,1.06396
118,464,1.38871
118,466,1.41645
118,471,1.45626
118,488,1.2421
119,44,1.27159
119,131,1.34439
119,152,1.19483
119,178,1.30185
119,185,1.0024
119,208,1.25489
119,211,1.42777
119,213,1.30827
119,272,1.35
119,296,1.35872
119,319,1.34094
119,343,1.41405
119,410,1.42645
119,424,1.41346
119,457,1.41277
119,486,1.43175
119,489,1.42314
119,493,1.36579
120,6,1.31185
120,75,1.29207
120,109,1.29947
120,150,1.18376
120,157,1.30993
120,179,1.3331
120,262,1.32067
120,284,1.38466
120,313,1.39578
120,327,1.36081
120,356,1.39715
120,384,1.40781
120,396,1.40393
120,430,1.49008
120,431,1.02318
120,448,1.32551
120,467,1.28534
120,495,1.51771
121,39,1.16458
121,95,1.25589
121,131,1.23715
121,133,1.25991
121,210,1.35979
121,244,1.30152
121,250,1.5387
121,253,1.27936
121,287,1.27059
121,303,1.23661
121,319,1.90406
121,359,1.25964
121,403,1.31738
121,430,1.3428
121,449,1.36272
121,465,1.30345
121,470,1.30701
121,499,1.32674
122,1,1.32957
122,40,1.26459
122,99,1.36293
122,164,1.34671
122,167,1.32808
122,172,1.35751
122,173,1.2575
122,258,1.37701
122,289,1.38019
122,349,1.3556
122,363,1.25289
122,372,1.38761
122,398,1.1188
122,438,1.1799
122,446,1.43779
122,458,1.42148
122,470,1.42911
122,486,1.44661
123,64,1.31812
123,72,1.17494
123,81,1.18554
123,143,1.16559
123,173,1.26529
123,188,1.2326
123,191,1.22712
123,225,1.22956
123,370,1.3475
123,373,1.57623
123,427,1.57604
123,430,1.65736
123,445,1.33839
123,466,1.32437
123,467,1.31994
123,473,1.37118
123,475,1.3614
123,496,1.36321
124,13,1.29395
124,51,1.39243
124,71,1.46017
124,81,1.26876
124,100,1.32234
124,134,1.02856
124,152,1.32904
124,186,1.3089
124,196,0.979688
124,262,1.33639
124,285,1.43342
124,369,1.37275
124,392,1.39821
124,422,1.45448
124,424,1.4091
124,432,1.47172
124,436,1.36028
124,470,1.40989
125,5,1.28205
125,18,1.29292
125,58,1.27305
125,88,1.26016
125,91,1.248
125,98,1.19937
125,100,0.852235
125,105,1.48723
125,338,1.28429
125,357,1.38768
125,358,1.39436
125,434,1.44716
125,442,1.45226
125,454,1.47118
125,473,1.47401
125,482,1.50288
125,490,1.45674
125,493,1.26538
126,39,1.26619
126,92,1.26407
126,155,1.41737
126,194,1.31995
126,248,1.14707
126,264,1.35725
126,295,1.2359
126,363,1.36582
126,371,1.21633
126,397,1.39507
126,409,1.40924
126,419,1.40208
126,420,1.34155
126,437,1.37422
126,439,1.43414
126,446,1.41728
126,459,1.46238
126,461,1.23553
127,17,1.31235
127,22,1.29974
127,55,1.3146
127,61,1.29072
127,131,1.37662
127,144,1.6801
127,204,1.31904
127,208,1.33937
127,260,1.33394
127,318,1.42568
127,320,0.947317
127,336,1.36658
127,343,1.44628
127,402,1.46091
127,449,0.874033
127,478,1.30204
127,485,1.45399
127,498,1.48465
128,42,1.29794
128,57,1.20131
128,256,1.09178
128,290,1.3293
128,306,1.30709
128,378,1.38772
128,394,1.13568
128,398,1.39219
128,402,1.38933
128,427,1.40724
128,441,1.34864
128,452,1.37502
128,456,1.27992
128,463,1.41962
128,482,1.44829
128,484,1.40994
128,499,1.39464
128,500,1.41704
129,78,1.1587
129,94,1.26651
129,131,1.54992
129,198,1.28123
129,247,1.24481
129,305,1.22398
129,308,1.21751
129,377,1.28794
129,418,1.28366
129,433,1.26443
129,454,1.61171
129,459,1.34071
129,460,1.33135
129,473,1.33146
129,477,1.32191
129,481,1.65814
129,494,1.34877
129,496,1.32349
130,12,1.19479
130,81,1.19066
130,94,1.31136
130,109,1.17697
130,140,1.2499
130,162,1.16257
130,163,1.24996
130,259,1.2984
130,297,1.28395
130,345,1.31564
130,376,1.56057
130,409,1.48378
130,431,1.35622
130,433,1.30928
130,436,1.76342
130,442,1.35456
130,482,1.40518
130,497,1.3655
131,52,0.795626
131,119,1.34439
131,121,1.23715
131,127,1.37662
131,129,1.54992
131,170,1.30385
131,179,1.29416
131,183,1.22526
131,204,1.22682
131,286,1.35468
131,300,1.35325
131,377,1.41634
131,388,1.35323
131,403,1.42572
131,466,1.41304
131,476,1.43843
131,480,1.46389
131,484,1.45038
132,9,1.19361
132,83,1.15929
132,138,1.18759
132,168,1.22238
132,194,1.23434
132,328,1.24083
132,331,1.32174
132,341,1.29566
132,384,1.64305
132,405,1.33761
132,411,1.32832
132,414,1.31724
132,438,1.33622
132,443,1.33728
132,462,1.31665
132,482,1.39639
132,485,1.58547
132,500,1.57884
133,35,1.2996
133,105,1.28068
133,121,1.25991
133,150,1.3311
133,151,1.36713
133,185,1.31643
133,195,1.32299
133,209,1.21318
133,242,1.32168
133,300,1.25937
133,303,1.36772
133,310,1.36687
133,312,1.29789
133,323,1.42014
133,364,1.40074
133,423,1.32837
133,430,1.4739
133,455,1.42292
133,493,1.45052
134,2,1.27355
134,118,1.3235
134,124,1.02856
134,181,1.31169
134,203,1.50488
134,274,1.15363
134,282,1.33092
134,283,1.32361
134,294,1.31662
134,320,1.38571
134,341,1.36262
134,344,1.2958
134,390,1.40745
134,411,1.39528
134,422,1.43454
134,434,1.40762
134,449,1.44567
134,460,1.40285
134,492,1.38946
135,2,1.23281
135,28,1.26662
135,65,1.35646
135,108,1.23858
135,149,1.35484
135,160,1.31796
135,198,1.3944
135,199,1.30206
135,209,1.31015
135,241,1.4
135,278,1.19965
135,399,1.3318
135,418,1.39683
135,423,1.38663
135,424,1.39932
135,426,1.44431
135,440,1.41555
135,461,1.30179
135,473,1.44463
136,31,1.20586
136,58,1.17863
136,86,1.15588
136,97,1.30416
136,191,1.23552
136,213,1.22909
136,230,1.21945
136,270,1.27116
136,275,1.28187
136,302,1.55511
136,315,1.27195
136,329,1.31452
136,336,1.25517
136,373,1.5655
136,426,1.37927
136,453,1.34309
136,456,1.38691
136,484,1.37011
136,493,1.96367
137,57,1.38758
137,94,1.37783
137,106,1.30795
137,110,1.3422
137,115,1.08835
137,182,1.29052
137,191,1.29872
137,219,1.30076
137,313,1.33976
137,355,1.3649
137,378,1.21565
137,396,1.3479
137,419,1.39174
137,451,1.40906
137,452,1.39838
137,455,1.38307
137,478,1.4257
137,491,1.42588
137,494,1.40971
138,27,1.23195
138,69,1.20565
138,84,1.19197
138,132,1.18759
138,140,1.26791
138,164,1.2674
138,195,1.23468
138,230,1.23418
138,344,1.87483
138,346,1.34098
138,350,1.33877
138,362,1.30944
138,366,1.3053
138,396,1.29944
138,399,1.28148
138,415,1.33862
138,431,1.66865
138,434,1.36747
138,454,1.55874
139,8,1.25853
139,144,1.23571
139,151,1.19562
139,165,1.3194
139,182,1.27398
139,187,1.31854
139,215,1.32829
139,228,1.05756
139,273,1.35746
139,299,1.34689
139,363,1.35072
139,403,1.40388
139,435,1.37294
139,448,1.40792
139,467,1.38678
139,471,1.43101
139,491,1.56276
139,494,1.45533
139,496,1.43005
140,103,1.3371
140,130,1.2499
140,138,1.26791
140,169,1.31199
140,208,1.29621
140,259,1.36993
140,287,1.3669
140,311,1.40132
140,348,1.37992
140,366,1.35882
140,379,1.10881
140,407,1.50866
140,433,1.3808
140,438,1.23085
140,439,1.42885
140,446,1.41199
140,453,1.41134
140,491,1.43094
140,496,1.24051
141,1,1.24185
141,44,1.19873
141,66,1.34434
141,98,1.17704
141,144,1.18359
141,173,1.28002
141,187,1.26643
141,238,1.20789
141,264,1.29003
141,268,1.59807
141,284,1.27176
141,305,1.27842
141,385,1.33831
141,397,1.70219
141,403,1.80088
141,420,1.27433
141,457,1.33991
141,470,1.34139
141,490,1.36864
142,14,1.26459
142,54,1.38593
142,84,1.23833
142,155,1.40492
142,199,1.2981
142,230,1.28054
142,256,1.36205
142,257,1.31242
142,304,0.966195
142,340,1.38479
142,376,1.35777
142,378,1.40897
142,395,1.19938
142,428,1.41675
142,440,1.41159
142,456,1.44799
142,463,1.44087
142,485,1.40366
142,499,1.52239
143,24,1.21936
143,111,1.28756
143,123,1.16559
143,203,1.23195
143,229,1.29626
143,242,1.20769
143,261,1.79836
143,286,1.26346
143,287,1.28771
143,288,1.25923
143,308,1.65159
143,321,1.25574
143,351,1.2414
143,416,1.32022
143,443,1.64889
143,447,1.34041
143,452,1.32425
143,471,1.36164
143,472,1.34132
144,62,1.21933
144,63,1.18361
144,127,1.6801
144,139,1.23571
144,141,1.18359
144,226,1.21557
144,243,1.20266
144,244,1.32192
144,278,1.30503
144,291,1.28746
144,297,1.27956
144,321,1.25902
144,418,1.79077
144,448,1.34182
144,449,1.62507
144,453,1.33542
144,455,1.31221
144,456,1.37924
144,487,1.3421
145,19,1.08802
145,23,1.26962
145,54,1.40582
145,85,1.34642
145,107,1.24728
145,171,1.31958
145,184,1.32861
145,261,1.32062
145,320,1.4118
145,346,1.08558
145,358,1.38091
145,361,1.39617
145,362,1.37568
145,381,1.37127
145,384,1.36956
145,404,1.41744
145,452,1.40503
145,465,1.52651
145,490,1.44329
146,49,1.15615
146,50,1.19681
146,84,1.1718
146,89,1.2607
146,108,1.16809
146,212,1.22964
146,282,1.27059
146,306,1.26181
146,309,1.34211
146,321,1.26124
146,327,1.23614
146,340,1.56861
146,377,1.47208
146,402,1.34405
146,438,1.34285
146,465,2.05359
146,473,1.37414
146,481,1.39703
146,494,1.39145
147,61,1.25329
147,150,1.30204
147,227,1.30633
147,236,1.35855
147,251,1.29346
147,270,1.34513
147,318,1.08202
147,342,1.32711
147,367,1.37171
147,369,1.37191
147,370,1.42987
147,385,1.40597
147,396,1.60007
147,419,1.40252
147,421,1.29095
147,429,1.3739
147,430,1.14273
147,457,1.40756
147,460,1.45345
148,71,1.1736
148,181,1.25154
148,205,1.24063
148,210,1.31618
148,214,1.20817
148,262,1.19619
148,268,1.28006
148,338,1.1846
148,348,1.3064
148,366,1.28531
148,402,1.34423
148,407,1.28101
148,411,1.33513
148,418,1.69056
148,436,1.28019
148,449,1.52487
148,450,1.39284
148,465,1.32624
148,476,1.88618
149,2,1.32353
149,5,1.2925
149,40,1.27541
149,92,1.2954
149,105,1.2825
149,113,1.2435
149,135,1.35484
149,189,1.4219
